vector3 <- c(9, 10, 11)